Episode, Score, Lines, Counts
1, 242, 2, 42
2, 345, 3, 45
3, 238, 2, 38
4, 237, 2, 37
5, 237, 2, 37
6, 137, 1, 37
7, 243, 2, 43
8, 344, 3, 44
9, 239, 2, 39
10, 343, 3, 43
11, 748, 7, 48
12, 35, 0, 35
13, 241, 2, 41
14, 240, 2, 40
15, 340, 3, 40
16, 137, 1, 37
17, 141, 1, 41
18, 344, 3, 44
19, 441, 4, 41
20, 137, 1, 37
21, 242, 2, 42
22, 238, 2, 38
23, 138, 1, 38
24, 138, 1, 38
25, 445, 4, 45
26, 140, 1, 40
27, 33, 0, 33
28, 340, 3, 40
29, 444, 4, 44
30, 35, 0, 35
31, 341, 3, 41
32, 238, 2, 38
33, 239, 2, 39
34, 136, 1, 36
35, 38, 0, 38
36, 650, 5, 50
37, 38, 0, 38
38, 137, 1, 37
39, 138, 1, 38
40, 34, 0, 34
41, 239, 2, 39
42, 138, 1, 38
43, 343, 3, 43
44, 138, 1, 38
45, 137, 1, 37
46, 36, 0, 36
47, 342, 3, 42
48, 345, 3, 45
49, 139, 1, 39
50, 753, 7, 53
51, 754, 7, 54
52, 1257, 10, 57
53, 650, 6, 50
54, 856, 8, 56
55, 445, 4, 45
56, 650, 6, 50
57, 546, 5, 46
58, 754, 7, 54
59, 648, 6, 48
60, 957, 9, 57
61, 652, 6, 52
62, 651, 6, 51
63, 1155, 9, 55
64, 751, 7, 51
65, 754, 7, 54
66, 850, 7, 50
67, 957, 9, 57
68, 753, 7, 53
69, 1059, 9, 59
70, 653, 6, 53
71, 959, 9, 59
72, 551, 5, 51
73, 1161, 11, 61
74, 547, 5, 47
75, 343, 3, 43
76, 651, 6, 51
77, 344, 3, 44
78, 854, 8, 54
79, 653, 6, 53
80, 552, 5, 52
81, 855, 8, 55
82, 450, 4, 50
83, 550, 5, 50
84, 755, 7, 55
85, 1363, 11, 63
86, 1062, 10, 62
87, 857, 8, 57
88, 1159, 10, 59
89, 960, 9, 60
90, 654, 6, 54
91, 756, 7, 56
92, 854, 8, 54
93, 854, 7, 54
94, 960, 8, 60
95, 852, 7, 52
96, 856, 7, 56
97, 956, 8, 56
98, 958, 9, 58
99, 1061, 10, 61
100, 1164, 11, 64
101, 1055, 8, 55
102, 958, 8, 58
103, 959, 9, 59
104, 755, 7, 55
105, 958, 9, 58
106, 1162, 11, 62
107, 954, 8, 54
108, 953, 8, 53
109, 958, 9, 58
110, 1261, 10, 61
111, 652, 6, 52
112, 748, 5, 48
113, 856, 7, 56
114, 1552, 7, 52
115, 957, 8, 57
116, 853, 8, 53
117, 852, 7, 52
118, 649, 6, 49
119, 850, 7, 50
120, 1155, 8, 55
121, 755, 7, 55
122, 1255, 8, 55
123, 650, 6, 50
124, 753, 6, 53
125, 749, 5, 49
126, 1054, 8, 54
127, 1261, 10, 61
128, 1257, 8, 57
129, 448, 3, 48
130, 1058, 10, 58
131, 1257, 9, 57
132, 855, 7, 55
133, 1155, 8, 55
134, 1255, 9, 55
135, 1163, 10, 63
136, 651, 6, 51
137, 855, 7, 55
138, 552, 5, 52
139, 1557, 10, 57
140, 1156, 8, 56
141, 1152, 7, 52
142, 850, 7, 50
143, 336, 2, 36
144, 952, 7, 52
145, 1060, 9, 60
146, 650, 5, 50
147, 752, 6, 52
148, 653, 6, 53
149, 955, 7, 55
150, 649, 5, 49
151, 552, 5, 52
152, 954, 7, 54
153, 1058, 9, 58
154, 1359, 10, 59
155, 855, 8, 55
156, 1164, 11, 64
157, 857, 8, 57
158, 1255, 8, 55
159, 753, 6, 53
160, 754, 7, 54
161, 752, 7, 52
162, 649, 5, 49
163, 1159, 9, 59
164, 1159, 9, 59
165, 1059, 9, 59
166, 750, 6, 50
167, 959, 9, 59
168, 1363, 11, 63
169, 1264, 10, 64
170, 1056, 8, 56
171, 1364, 12, 64
172, 651, 6, 51
173, 954, 8, 54
174, 754, 7, 54
175, 1861, 13, 61
176, 755, 7, 55
177, 551, 5, 51
178, 549, 4, 49
179, 1259, 10, 59
180, 1057, 8, 57
181, 1059, 9, 59
182, 1062, 10, 62
183, 1460, 10, 60
184, 1257, 9, 57
185, 857, 8, 57
186, 958, 8, 58
187, 957, 8, 57
188, 652, 6, 52
189, 855, 7, 55
190, 1258, 10, 58
191, 850, 6, 50
192, 751, 6, 51
193, 954, 8, 54
194, 1261, 11, 61
195, 1063, 10, 63
196, 753, 7, 53
197, 1159, 9, 59
198, 756, 7, 56
199, 1356, 10, 56
200, 1364, 12, 64
201, 1961, 10, 61
202, 1560, 10, 60
203, 757, 7, 57
204, 1058, 8, 58
205, 1161, 10, 61
206, 857, 8, 57
207, 958, 8, 58
208, 751, 6, 51
209, 1162, 10, 62
210, 1056, 9, 56
211, 1561, 11, 61
212, 858, 8, 58
213, 1357, 9, 57
214, 1156, 8, 56
215, 1361, 10, 61
216, 1261, 11, 61
217, 1160, 10, 60
218, 957, 8, 57
219, 1559, 12, 59
220, 1159, 8, 59
221, 1061, 10, 61
222, 959, 9, 59
223, 854, 8, 54
224, 1163, 10, 63
225, 960, 9, 60
226, 860, 8, 60
227, 651, 6, 51
228, 1059, 9, 59
229, 654, 6, 54
230, 856, 8, 56
231, 858, 8, 58
232, 1060, 10, 60
233, 753, 7, 53
234, 650, 5, 50
235, 958, 9, 58
236, 960, 9, 60
237, 957, 8, 57
238, 754, 6, 54
239, 653, 6, 53
240, 856, 8, 56
241, 854, 7, 54
242, 1360, 11, 60
243, 755, 7, 55
244, 959, 9, 59
245, 1154, 8, 54
246, 956, 8, 56
247, 962, 9, 62
248, 1059, 10, 59
249, 1159, 8, 59
250, 752, 6, 52
251, 1057, 8, 57
252, 1159, 11, 59
253, 1162, 10, 62
254, 955, 8, 55
255, 1060, 10, 60
256, 754, 7, 54
257, 1260, 10, 60
258, 1160, 10, 60
259, 1362, 10, 62
260, 1162, 10, 62
261, 1059, 9, 59
262, 1365, 11, 65
263, 2068, 14, 68
264, 654, 6, 54
265, 1156, 9, 56
266, 752, 7, 52
267, 1256, 10, 56
268, 1059, 9, 59
269, 1366, 12, 66
270, 1059, 9, 59
271, 1464, 11, 64
272, 1061, 9, 61
273, 1163, 10, 63
274, 1058, 9, 58
275, 1361, 10, 61
276, 1357, 10, 57
277, 1356, 9, 56
278, 1461, 10, 61
279, 1470, 14, 70
280, 957, 9, 57
281, 957, 8, 57
282, 955, 8, 55
283, 956, 8, 56
284, 856, 7, 56
285, 1160, 9, 60
286, 1064, 10, 64
287, 960, 9, 60
288, 1356, 9, 56
289, 857, 8, 57
290, 1061, 9, 61
291, 1259, 10, 59
292, 1468, 13, 68
293, 957, 9, 57
294, 858, 8, 58
295, 755, 7, 55
296, 1058, 9, 58
297, 1060, 8, 60
298, 1155, 9, 55
299, 1060, 9, 60
300, 752, 6, 52
301, 958, 8, 58
302, 1059, 9, 59
303, 2264, 14, 64
304, 1056, 9, 56
305, 1360, 10, 60
306, 1161, 10, 61
307, 960, 9, 60
308, 962, 9, 62
309, 859, 8, 59
310, 1264, 11, 64
311, 1060, 8, 60
312, 1461, 10, 61
313, 1268, 12, 68
314, 751, 6, 51
315, 1261, 11, 61
316, 1162, 10, 62
317, 856, 7, 56
318, 952, 8, 52
319, 1461, 10, 61
320, 1360, 10, 60
321, 1463, 12, 63
322, 1161, 10, 61
323, 958, 8, 58
324, 758, 7, 58
325, 758, 7, 58
326, 2571, 15, 71
327, 1164, 11, 64
328, 852, 6, 52
329, 1158, 9, 58
330, 1061, 9, 61
331, 961, 9, 61
332, 1058, 9, 58
333, 655, 6, 55
334, 752, 6, 52
335, 1162, 10, 62
336, 1467, 12, 67
337, 1163, 11, 63
338, 1159, 10, 59
339, 854, 7, 54
340, 1562, 11, 62
341, 1160, 10, 60
342, 1360, 10, 60
343, 853, 7, 53
344, 855, 8, 55
345, 1060, 9, 60
346, 958, 8, 58
347, 1165, 11, 65
348, 1667, 14, 67
349, 652, 6, 52
350, 1058, 8, 58
351, 1461, 10, 61
352, 1365, 11, 65
353, 1260, 10, 60
354, 1054, 8, 54
355, 1362, 11, 62
356, 1165, 11, 65
357, 1557, 11, 57
358, 1258, 10, 58
359, 1157, 8, 57
360, 1360, 10, 60
361, 2170, 14, 70
362, 1061, 9, 61
363, 756, 7, 56
364, 1158, 9, 58
365, 1057, 9, 57
366, 1166, 11, 66
367, 547, 5, 47
368, 1968, 13, 68
369, 1057, 9, 57
370, 1165, 11, 65
371, 1261, 9, 61
372, 1266, 11, 66
373, 1561, 11, 61
374, 1162, 10, 62
375, 1258, 9, 58
376, 1057, 9, 57
377, 1465, 12, 65
378, 1264, 11, 64
379, 1060, 9, 60
380, 954, 8, 54
381, 1062, 9, 62
382, 856, 7, 56
383, 1056, 8, 56
384, 1163, 10, 63
385, 1160, 9, 60
386, 1054, 8, 54
387, 1165, 11, 65
388, 1361, 10, 61
389, 1166, 11, 66
390, 1158, 9, 58
391, 1668, 14, 68
392, 1163, 10, 63
393, 1163, 10, 63
394, 1361, 9, 61
395, 1364, 10, 64
396, 1360, 10, 60
397, 1060, 9, 60
398, 960, 9, 60
399, 1462, 10, 62
400, 1161, 10, 61
401, 1056, 8, 56
402, 1363, 11, 63
403, 1163, 11, 63
404, 859, 8, 59
405, 1363, 11, 63
406, 1058, 9, 58
407, 1663, 12, 63
408, 955, 8, 55
409, 957, 9, 57
410, 958, 8, 58
411, 1157, 8, 57
412, 1257, 9, 57
413, 854, 7, 54
414, 1060, 9, 60
415, 1063, 10, 63
416, 1263, 11, 63
417, 1260, 10, 60
418, 1265, 11, 65
419, 2156, 12, 56
420, 1155, 8, 55
421, 1059, 9, 59
422, 856, 8, 56
423, 1159, 9, 59
424, 1366, 12, 66
425, 1061, 10, 61
426, 958, 8, 58
427, 1063, 10, 63
428, 1063, 10, 63
429, 1365, 12, 65
430, 1656, 7, 56
431, 1155, 9, 55
432, 1160, 10, 60
433, 1159, 10, 59
434, 957, 8, 57
435, 1459, 10, 59
436, 1159, 10, 59
437, 1562, 12, 62
438, 960, 9, 60
439, 962, 9, 62
440, 1061, 9, 61
441, 1055, 7, 55
442, 858, 8, 58
443, 1263, 11, 63
444, 1467, 13, 67
445, 1365, 11, 65
446, 1663, 12, 63
447, 1368, 12, 68
448, 960, 9, 60
449, 1370, 12, 70
450, 1056, 8, 56
451, 1156, 9, 56
452, 1357, 10, 57
453, 1465, 11, 65
454, 1061, 9, 61
455, 752, 7, 52
456, 1164, 10, 64
457, 1761, 12, 61
458, 1462, 11, 62
459, 1257, 9, 57
460, 1569, 13, 69
461, 958, 8, 58
462, 859, 8, 59
463, 1164, 11, 64
464, 653, 5, 53
465, 1162, 10, 62
466, 1265, 11, 65
467, 959, 8, 59
468, 1056, 8, 56
469, 1064, 10, 64
470, 1059, 9, 59
471, 847, 5, 47
472, 1364, 12, 64
473, 1264, 10, 64
474, 653, 6, 53
475, 448, 4, 48
476, 1164, 10, 64
477, 1257, 9, 57
478, 652, 6, 52
479, 852, 7, 52
480, 1265, 11, 65
481, 1061, 10, 61
482, 1467, 12, 67
483, 958, 8, 58
484, 1266, 12, 66
485, 1059, 9, 59
486, 1668, 13, 68
487, 955, 7, 55
488, 1252, 8, 52
489, 753, 6, 53
490, 1056, 8, 56
491, 851, 7, 51
492, 1161, 10, 61
493, 854, 7, 54
494, 1163, 10, 63
495, 1061, 10, 61
496, 1061, 9, 61
497, 654, 6, 54
498, 1058, 8, 58
499, 854, 7, 54
500, 1264, 11, 64
501, 858, 8, 58
502, 753, 7, 53
503, 955, 8, 55
504, 961, 9, 61
505, 2067, 12, 67
506, 1566, 12, 66
507, 1754, 9, 54
508, 552, 5, 52
509, 1463, 11, 63
510, 1260, 10, 60
511, 1059, 9, 59
512, 1160, 9, 60
513, 1156, 9, 56
514, 1365, 11, 65
515, 953, 6, 53
516, 955, 8, 55
517, 961, 9, 61
518, 1560, 11, 60
519, 1566, 12, 66
520, 1061, 9, 61
521, 1669, 13, 69
522, 654, 6, 54
523, 1266, 11, 66
524, 1260, 10, 60
525, 1257, 9, 57
526, 954, 8, 54
527, 1664, 12, 64
528, 952, 7, 52
529, 1357, 10, 57
530, 1162, 11, 62
531, 1260, 8, 60
532, 856, 8, 56
533, 1359, 10, 59
534, 958, 8, 58
535, 757, 7, 57
536, 956, 8, 56
537, 857, 8, 57
538, 958, 8, 58
539, 1261, 10, 61
540, 958, 9, 58
541, 1361, 10, 61
542, 756, 7, 56
543, 1358, 10, 58
544, 1565, 13, 65
545, 1162, 10, 62
546, 1266, 12, 66
547, 858, 8, 58
548, 963, 9, 63
549, 1460, 10, 60
550, 546, 5, 46
551, 1956, 10, 56
552, 651, 6, 51
553, 1361, 11, 61
554, 1261, 10, 61
555, 850, 7, 50
556, 1258, 10, 58
557, 1255, 9, 55
558, 1354, 9, 54
559, 853, 7, 53
560, 1364, 12, 64
561, 858, 8, 58
562, 1362, 11, 62
563, 1360, 11, 60
564, 1057, 8, 57
565, 1673, 14, 73
566, 1863, 10, 63
567, 1456, 10, 56
568, 1162, 10, 62
569, 552, 5, 52
570, 1163, 10, 63
571, 958, 8, 58
572, 1166, 11, 66
573, 751, 6, 51
574, 1357, 10, 57
575, 1059, 9, 59
576, 1263, 11, 63
577, 1569, 13, 69
578, 957, 8, 57
579, 958, 8, 58
580, 856, 8, 56
581, 653, 6, 53
582, 1161, 10, 61
583, 853, 7, 53
584, 1159, 9, 59
585, 960, 9, 60
586, 1158, 8, 58
587, 956, 8, 56
588, 957, 9, 57
589, 955, 9, 55
590, 1365, 12, 65
591, 1265, 11, 65
592, 1263, 11, 63
593, 1064, 10, 64
594, 961, 9, 61
595, 755, 7, 55
596, 1155, 9, 55
597, 1572, 14, 72
598, 855, 7, 55
599, 1565, 12, 65
600, 856, 8, 56
601, 1163, 10, 63
602, 1057, 9, 57
603, 1259, 9, 59
604, 1059, 9, 59
605, 961, 9, 61
606, 1360, 10, 60
607, 1562, 10, 62
608, 1060, 9, 60
609, 960, 8, 60
610, 1059, 9, 59
611, 1061, 9, 61
612, 755, 7, 55
613, 955, 8, 55
614, 1062, 10, 62
615, 1161, 10, 61
616, 1257, 9, 57
617, 1060, 9, 60
618, 855, 7, 55
619, 1264, 11, 64
620, 1262, 11, 62
621, 1463, 11, 63
622, 1162, 10, 62
623, 1568, 13, 68
624, 1255, 9, 55
625, 858, 8, 58
626, 1059, 9, 59
627, 757, 7, 57
628, 1161, 9, 61
629, 1364, 11, 64
630, 1770, 14, 70
631, 1256, 10, 56
632, 858, 8, 58
633, 960, 9, 60
634, 755, 7, 55
635, 960, 9, 60
636, 857, 8, 57
637, 958, 8, 58
638, 1254, 8, 54
639, 959, 9, 59
640, 1666, 13, 66
641, 960, 9, 60
642, 2260, 13, 60
643, 959, 9, 59
644, 1162, 10, 62
645, 1063, 10, 63
646, 1163, 10, 63
647, 1464, 11, 64
648, 1263, 11, 63
649, 961, 9, 61
650, 1158, 10, 58
651, 9, 0, 9
652, 1561, 10, 61
653, 958, 9, 58
654, 1266, 11, 66
655, 651, 6, 51
656, 1159, 10, 59
657, 1158, 10, 58
658, 1059, 9, 59
659, 1266, 12, 66
660, 856, 7, 56
661, 1060, 9, 60
662, 1157, 9, 57
663, 1363, 10, 63
664, 856, 7, 56
665, 1362, 11, 62
666, 958, 9, 58
667, 1162, 11, 62
668, 1764, 12, 64
669, 1465, 11, 65
670, 755, 7, 55
671, 859, 8, 59
672, 653, 6, 53
673, 1061, 9, 61
674, 857, 8, 57
675, 652, 6, 52
676, 1470, 13, 70
677, 961, 9, 61
678, 1363, 10, 63
679, 1162, 11, 62
680, 1060, 9, 60
681, 859, 8, 59
682, 753, 6, 53
683, 1259, 10, 59
684, 754, 7, 54
685, 1359, 11, 59
686, 1058, 8, 58
687, 1060, 9, 60
688, 544, 5, 44
689, 1671, 13, 71
690, 1263, 10, 63
691, 1264, 11, 64
692, 856, 8, 56
693, 1262, 11, 62
694, 1064, 10, 64
695, 1162, 10, 62
696, 859, 8, 59
697, 955, 8, 55
698, 1564, 11, 64
699, 553, 5, 53
700, 856, 8, 56
701, 1463, 11, 63
702, 754, 7, 54
703, 1064, 10, 64
704, 962, 9, 62
705, 1059, 9, 59
706, 1456, 10, 56
707, 752, 7, 52
708, 1365, 11, 65
709, 1057, 9, 57
710, 857, 8, 57
711, 1776, 15, 76
712, 1058, 9, 58
713, 1062, 10, 62
714, 1164, 10, 64
715, 859, 8, 59
716, 1058, 9, 58
717, 961, 9, 61
718, 1060, 9, 60
719, 757, 7, 57
720, 1060, 9, 60
721, 1060, 9, 60
722, 1363, 11, 63
723, 1061, 9, 61
724, 1260, 9, 60
725, 549, 5, 49
726, 961, 9, 61
727, 1057, 10, 57
728, 1467, 12, 67
729, 859, 8, 59
730, 959, 9, 59
731, 859, 8, 59
732, 1162, 10, 62
733, 1459, 10, 59
734, 752, 7, 52
735, 858, 8, 58
736, 1157, 9, 57
737, 1162, 10, 62
738, 961, 9, 61
739, 1059, 9, 59
740, 860, 8, 60
741, 1061, 10, 61
742, 1056, 8, 56
743, 856, 8, 56
744, 1058, 9, 58
745, 1156, 8, 56
746, 1463, 11, 63
747, 1559, 11, 59
748, 751, 6, 51
749, 1060, 9, 60
750, 854, 6, 54
751, 652, 6, 52
752, 1265, 11, 65
753, 1261, 10, 61
754, 1564, 13, 64
755, 1258, 10, 58
756, 1160, 10, 60
757, 1161, 10, 61
758, 1060, 9, 60
759, 2170, 13, 70
760, 1162, 10, 62
761, 1261, 10, 61
762, 1055, 8, 55
763, 754, 7, 54
764, 754, 7, 54
765, 1059, 9, 59
766, 1061, 10, 61
767, 956, 8, 56
768, 956, 9, 56
769, 1560, 11, 60
770, 1669, 14, 69
771, 1058, 10, 58
772, 1156, 9, 56
773, 1161, 10, 61
774, 956, 8, 56
775, 959, 9, 59
776, 1060, 10, 60
777, 957, 8, 57
778, 958, 8, 58
779, 1465, 12, 65
780, 751, 6, 51
781, 858, 8, 58
782, 1057, 10, 57
783, 855, 7, 55
784, 1665, 13, 65
785, 1057, 9, 57
786, 860, 8, 60
787, 1461, 10, 61
788, 1060, 9, 60
789, 959, 8, 59
790, 1164, 11, 64
791, 859, 8, 59
792, 1159, 9, 59
793, 1161, 10, 61
794, 961, 9, 61
795, 1160, 9, 60
796, 754, 7, 54
797, 648, 5, 48
798, 1267, 12, 67
799, 1465, 11, 65
800, 855, 8, 55
801, 856, 8, 56
802, 754, 7, 54
803, 1264, 11, 64
804, 1062, 10, 62
805, 756, 7, 56
806, 959, 9, 59
807, 1157, 9, 57
808, 754, 7, 54
809, 754, 7, 54
810, 758, 7, 58
811, 653, 6, 53
812, 1062, 10, 62
813, 752, 6, 52
814, 1161, 10, 61
815, 963, 9, 63
816, 1462, 10, 62
817, 1060, 10, 60
818, 857, 8, 57
819, 1158, 9, 58
820, 1162, 9, 62
821, 1058, 9, 58
822, 959, 9, 59
823, 1258, 9, 58
824, 1062, 10, 62
825, 1163, 11, 63
826, 1264, 12, 64
827, 1060, 9, 60
828, 957, 8, 57
829, 857, 8, 57
830, 858, 8, 58
831, 1165, 11, 65
832, 954, 8, 54
833, 957, 8, 57
834, 551, 5, 51
835, 756, 7, 56
836, 1162, 10, 62
837, 1056, 9, 56
838, 855, 8, 55
839, 446, 4, 46
840, 952, 7, 52
841, 1156, 9, 56
842, 1161, 10, 61
843, 1063, 10, 63
844, 851, 6, 51
845, 756, 7, 56
846, 1162, 10, 62
847, 860, 8, 60
848, 857, 8, 57
849, 859, 8, 59
850, 858, 8, 58
851, 1060, 9, 60
852, 656, 6, 56
853, 958, 9, 58
854, 1059, 10, 59
855, 1160, 10, 60
856, 653, 6, 53
857, 857, 8, 57
858, 753, 7, 53
859, 651, 6, 51
860, 1667, 14, 67
861, 1060, 9, 60
862, 753, 7, 53
863, 1063, 10, 63
864, 1060, 9, 60
865, 1163, 10, 63
866, 1062, 10, 62
867, 855, 7, 55
868, 958, 8, 58
869, 955, 8, 55
870, 1362, 10, 62
871, 651, 5, 51
872, 652, 6, 52
873, 962, 9, 62
874, 957, 8, 57
875, 959, 9, 59
876, 1153, 9, 53
877, 1569, 14, 69
878, 1060, 10, 60
879, 1263, 11, 63
880, 1162, 10, 62
881, 1360, 10, 60
882, 653, 6, 53
883, 958, 8, 58
884, 755, 7, 55
885, 1264, 11, 64
886, 1060, 9, 60
887, 1159, 10, 59
888, 958, 8, 58
889, 1157, 8, 57
890, 1061, 10, 61
891, 1062, 9, 62
892, 754, 6, 54
893, 651, 6, 51
894, 854, 7, 54
895, 549, 5, 49
896, 1055, 8, 55
897, 447, 4, 47
898, 1470, 13, 70
899, 1257, 9, 57
900, 1057, 8, 57
901, 960, 9, 60
902, 1059, 10, 59
903, 1061, 10, 61
904, 1464, 11, 64
905, 1165, 11, 65
906, 1161, 10, 61
907, 1164, 11, 64
908, 1058, 9, 58
909, 855, 7, 55
910, 1059, 10, 59
911, 958, 9, 58
912, 958, 9, 58
913, 858, 8, 58
914, 1060, 9, 60
915, 1061, 9, 61
916, 1461, 10, 61
917, 1061, 10, 61
918, 954, 8, 54
919, 1268, 12, 68
920, 857, 8, 57
921, 962, 9, 62
922, 1261, 11, 61
923, 1161, 10, 61
924, 958, 8, 58
925, 956, 8, 56
926, 857, 7, 57
927, 1065, 10, 65
928, 653, 6, 53
929, 1165, 11, 65
930, 959, 9, 59
931, 1261, 9, 61
932, 652, 6, 52
933, 1262, 11, 62
934, 549, 5, 49
935, 957, 8, 57
936, 756, 7, 56
937, 753, 7, 53
938, 960, 9, 60
939, 1365, 12, 65
940, 756, 7, 56
941, 1060, 9, 60
942, 1161, 10, 61
943, 959, 9, 59
944, 961, 9, 61
945, 859, 8, 59
946, 957, 8, 57
947, 753, 7, 53
948, 1059, 9, 59
949, 954, 8, 54
950, 1054, 8, 54
951, 1266, 11, 66
952, 960, 9, 60
953, 857, 8, 57
954, 1258, 9, 58
955, 756, 7, 56
956, 1065, 10, 65
957, 960, 9, 60
958, 956, 8, 56
959, 1161, 10, 61
960, 451, 4, 51
961, 653, 6, 53
962, 1465, 11, 65
963, 859, 8, 59
964, 1058, 9, 58
965, 857, 8, 57
966, 756, 7, 56
967, 450, 4, 50
968, 1162, 10, 62
969, 1355, 9, 55
970, 653, 6, 53
971, 1160, 10, 60
972, 1062, 10, 62
973, 856, 8, 56
974, 959, 9, 59
975, 1059, 9, 59
976, 1059, 9, 59
977, 1061, 10, 61
978, 757, 7, 57
979, 1463, 11, 63
980, 961, 9, 61
981, 1058, 9, 58
982, 1256, 8, 56
983, 1263, 11, 63
984, 1564, 12, 64
985, 1263, 11, 63
986, 1063, 10, 63
987, 1061, 9, 61
988, 1264, 11, 64
989, 1064, 10, 64
990, 1063, 10, 63
991, 1261, 11, 61
992, 1261, 11, 61
993, 1162, 10, 62
994, 757, 7, 57
995, 961, 9, 61
996, 1358, 9, 58
997, 1563, 11, 63
998, 1163, 11, 63
999, 1563, 12, 63
1000, 1264, 11, 64
1001, 855, 8, 55
1002, 1058, 8, 58
1003, 1060, 9, 60
1004, 1156, 8, 56
1005, 1056, 9, 56
1006, 1160, 10, 60
1007, 1263, 11, 63
1008, 1162, 10, 62
1009, 1159, 8, 59
1010, 1361, 10, 61
1011, 960, 9, 60
1012, 1161, 10, 61
1013, 1163, 10, 63
1014, 959, 9, 59
1015, 754, 7, 54
1016, 1062, 10, 62
1017, 858, 8, 58
1018, 1062, 10, 62
1019, 1751, 9, 51
1020, 550, 5, 50
1021, 951, 6, 51
1022, 1162, 10, 62
1023, 1060, 10, 60
1024, 962, 9, 62
1025, 1756, 8, 56
1026, 860, 8, 60
1027, 853, 6, 53
1028, 1162, 10, 62
1029, 857, 8, 57
1030, 755, 7, 55
1031, 1161, 10, 61
1032, 654, 6, 54
1033, 1465, 12, 65
1034, 1266, 12, 66
1035, 1664, 12, 64
1036, 652, 6, 52
1037, 754, 7, 54
1038, 958, 8, 58
1039, 1361, 10, 61
1040, 856, 7, 56
1041, 549, 5, 49
1042, 1567, 12, 67
1043, 756, 7, 56
1044, 1362, 11, 62
1045, 960, 9, 60
1046, 1162, 10, 62
1047, 961, 9, 61
1048, 1465, 12, 65
1049, 1261, 11, 61
1050, 757, 7, 57
1051, 1163, 10, 63
1052, 650, 5, 50
1053, 1059, 9, 59
1054, 1157, 9, 57
1055, 1161, 10, 61
1056, 1059, 10, 59
1057, 956, 9, 56
1058, 1056, 9, 56
1059, 859, 8, 59
1060, 652, 6, 52
1061, 959, 8, 59
1062, 654, 6, 54
1063, 1161, 10, 61
1064, 958, 8, 58
1065, 859, 8, 59
1066, 1056, 8, 56
1067, 857, 7, 57
1068, 1566, 12, 66
1069, 1163, 11, 63
1070, 1161, 10, 61
1071, 652, 6, 52
1072, 1063, 10, 63
1073, 652, 6, 52
1074, 855, 7, 55
1075, 955, 8, 55
1076, 1461, 11, 61
1077, 856, 8, 56
1078, 1256, 9, 56
1079, 959, 8, 59
1080, 1462, 11, 62
1081, 857, 8, 57
1082, 1165, 10, 65
1083, 1061, 10, 61
1084, 860, 8, 60
1085, 957, 8, 57
1086, 858, 8, 58
1087, 957, 8, 57
1088, 654, 6, 54
1089, 959, 9, 59
1090, 652, 6, 52
1091, 1059, 9, 59
1092, 1163, 11, 63
1093, 653, 6, 53
1094, 961, 9, 61
1095, 1061, 10, 61
1096, 1058, 9, 58
1097, 1059, 9, 59
1098, 857, 8, 57
1099, 958, 9, 58
1100, 956, 8, 56
1101, 1060, 9, 60
1102, 756, 7, 56
1103, 1264, 11, 64
1104, 859, 8, 59
1105, 960, 9, 60
1106, 858, 8, 58
1107, 756, 7, 56
1108, 857, 8, 57
1109, 857, 8, 57
1110, 653, 6, 53
1111, 856, 7, 56
1112, 961, 9, 61
1113, 860, 8, 60
1114, 1259, 9, 59
1115, 755, 7, 55
1116, 857, 8, 57
1117, 2062, 11, 62
1118, 1559, 11, 59
1119, 654, 6, 54
1120, 1058, 8, 58
1121, 858, 8, 58
1122, 1160, 10, 60
1123, 956, 8, 56
1124, 859, 8, 59
1125, 756, 7, 56
1126, 1058, 10, 58
1127, 959, 8, 59
1128, 860, 8, 60
1129, 753, 7, 53
1130, 959, 9, 59
1131, 1060, 10, 60
1132, 1164, 11, 64
1133, 854, 7, 54
1134, 1367, 12, 67
1135, 857, 8, 57
1136, 1466, 13, 66
1137, 960, 9, 60
1138, 959, 9, 59
1139, 1161, 10, 61
1140, 855, 7, 55
1141, 857, 8, 57
1142, 1260, 10, 60
1143, 1163, 10, 63
1144, 856, 8, 56
1145, 1058, 9, 58
1146, 1460, 10, 60
1147, 1161, 10, 61
1148, 959, 9, 59
1149, 854, 8, 54
1150, 1059, 10, 59
1151, 1159, 9, 59
1152, 1362, 12, 62
1153, 1159, 10, 59
1154, 756, 7, 56
1155, 1160, 10, 60
1156, 958, 9, 58
1157, 1369, 13, 69
1158, 1166, 11, 66
1159, 757, 7, 57
1160, 1769, 14, 69
1161, 1359, 9, 59
1162, 1160, 10, 60
1163, 754, 7, 54
1164, 757, 7, 57
1165, 1363, 12, 63
1166, 1258, 10, 58
1167, 957, 8, 57
1168, 1365, 12, 65
1169, 756, 7, 56
1170, 1052, 7, 52
1171, 858, 8, 58
1172, 1060, 9, 60
1173, 1458, 10, 58
1174, 960, 9, 60
1175, 1259, 9, 59
1176, 1158, 9, 58
1177, 1060, 10, 60
1178, 859, 8, 59
1179, 1265, 11, 65
1180, 1562, 11, 62
1181, 956, 8, 56
1182, 1359, 10, 59
1183, 1464, 11, 64
1184, 959, 9, 59
1185, 1059, 10, 59
1186, 957, 8, 57
1187, 1060, 10, 60
1188, 1365, 10, 65
1189, 858, 8, 58
1190, 1059, 9, 59
1191, 955, 8, 55
1192, 2166, 12, 66
1193, 1059, 9, 59
1194, 755, 7, 55
1195, 855, 8, 55
1196, 956, 8, 56
1197, 859, 8, 59
1198, 1159, 9, 59
1199, 1162, 10, 62
1200, 857, 8, 57
1201, 1562, 10, 62
1202, 1060, 10, 60
1203, 960, 9, 60
1204, 957, 8, 57
1205, 753, 7, 53
1206, 960, 9, 60
1207, 756, 7, 56
1208, 1266, 12, 66
1209, 1055, 8, 55
1210, 1462, 10, 62
1211, 960, 8, 60
1212, 755, 7, 55
1213, 652, 6, 52
1214, 858, 8, 58
1215, 1364, 11, 64
1216, 1165, 11, 65
1217, 752, 6, 52
1218, 859, 8, 59
1219, 755, 7, 55
1220, 1057, 9, 57
1221, 861, 8, 61
1222, 857, 8, 57
1223, 552, 5, 52
1224, 856, 7, 56
1225, 754, 7, 54
1226, 1060, 9, 60
1227, 961, 9, 61
1228, 1263, 10, 63
1229, 857, 8, 57
1230, 961, 9, 61
1231, 1259, 9, 59
1232, 856, 8, 56
1233, 650, 6, 50
1234, 956, 8, 56
1235, 1159, 9, 59
1236, 756, 7, 56
1237, 958, 8, 58
1238, 751, 7, 51
1239, 756, 7, 56
1240, 854, 7, 54
1241, 1159, 9, 59
1242, 858, 8, 58
1243, 1162, 10, 62
1244, 1063, 10, 63
1245, 1061, 10, 61
1246, 1059, 10, 59
1247, 1155, 8, 55
1248, 1262, 10, 62
1249, 1058, 9, 58
1250, 855, 7, 55
1251, 1059, 9, 59
1252, 1261, 10, 61
1253, 957, 8, 57
1254, 1162, 10, 62
1255, 754, 7, 54
1256, 1062, 10, 62
1257, 957, 8, 57
1258, 956, 8, 56
1259, 960, 9, 60
1260, 651, 6, 51
1261, 755, 7, 55
1262, 956, 8, 56
1263, 1367, 12, 67
1264, 856, 8, 56
1265, 754, 7, 54
1266, 1159, 9, 59
1267, 1261, 10, 61
1268, 1062, 9, 62
1269, 1058, 9, 58
1270, 1063, 10, 63
1271, 1360, 10, 60
1272, 1062, 10, 62
1273, 957, 9, 57
1274, 1162, 10, 62
1275, 858, 8, 58
1276, 956, 8, 56
1277, 1062, 10, 62
1278, 1163, 10, 63
1279, 1264, 12, 64
1280, 1467, 12, 67
1281, 1061, 9, 61
1282, 654, 6, 54
1283, 1063, 10, 63
1284, 756, 7, 56
1285, 955, 8, 55
1286, 1061, 9, 61
1287, 1366, 12, 66
1288, 858, 8, 58
1289, 1165, 11, 65
1290, 1366, 13, 66
1291, 1062, 10, 62
1292, 960, 9, 60
1293, 960, 9, 60
1294, 1466, 12, 66
1295, 345, 3, 45
1296, 1059, 9, 59
1297, 1161, 10, 61
1298, 961, 9, 61
1299, 956, 8, 56
1300, 756, 7, 56
1301, 754, 7, 54
1302, 1260, 9, 60
1303, 1057, 10, 57
1304, 957, 9, 57
1305, 1464, 11, 64
1306, 858, 8, 58
1307, 1164, 11, 64
1308, 552, 5, 52
1309, 859, 8, 59
1310, 960, 9, 60
1311, 855, 7, 55
1312, 756, 7, 56
1313, 553, 5, 53
1314, 1059, 9, 59
1315, 1164, 11, 64
1316, 854, 7, 54
1317, 1362, 10, 62
1318, 1262, 11, 62
1319, 1266, 11, 66
1320, 549, 5, 49
1321, 1059, 9, 59
1322, 959, 9, 59
1323, 960, 9, 60
1324, 959, 8, 59
1325, 960, 9, 60
1326, 757, 7, 57
1327, 753, 6, 53
1328, 953, 7, 53
1329, 858, 8, 58
1330, 1059, 9, 59
1331, 1265, 11, 65
1332, 755, 7, 55
1333, 855, 7, 55
1334, 1061, 10, 61
1335, 1262, 11, 62
1336, 857, 8, 57
1337, 1059, 9, 59
1338, 1260, 9, 60
1339, 1055, 8, 55
1340, 748, 6, 48
1341, 755, 7, 55
1342, 1363, 10, 63
1343, 960, 9, 60
1344, 1061, 9, 61
1345, 1165, 11, 65
1346, 1055, 7, 55
1347, 959, 8, 59
1348, 958, 9, 58
1349, 756, 7, 56
1350, 958, 8, 58
1351, 1261, 10, 61
1352, 857, 8, 57
1353, 1263, 11, 63
1354, 957, 8, 57
1355, 1061, 10, 61
1356, 858, 8, 58
1357, 957, 8, 57
1358, 1466, 12, 66
1359, 958, 8, 58
1360, 960, 9, 60
1361, 1157, 10, 57
1362, 651, 6, 51
1363, 959, 9, 59
1364, 959, 9, 59
1365, 962, 9, 62
1366, 653, 6, 53
1367, 858, 8, 58
1368, 1258, 10, 58
1369, 956, 9, 56
1370, 959, 9, 59
1371, 756, 7, 56
1372, 755, 7, 55
1373, 1162, 10, 62
1374, 1465, 13, 65
1375, 755, 7, 55
1376, 1155, 8, 55
1377, 1465, 11, 65
1378, 855, 8, 55
1379, 858, 8, 58
1380, 652, 6, 52
1381, 655, 6, 55
1382, 652, 6, 52
1383, 855, 8, 55
1384, 1263, 11, 63
1385, 1265, 12, 65
1386, 750, 6, 50
1387, 754, 7, 54
1388, 1060, 9, 60
1389, 756, 7, 56
1390, 958, 8, 58
1391, 1261, 10, 61
1392, 957, 8, 57
1393, 1158, 10, 58
1394, 648, 5, 48
1395, 859, 8, 59
1396, 1466, 12, 66
1397, 960, 9, 60
1398, 958, 8, 58
1399, 1057, 8, 57
1400, 857, 8, 57
1401, 1060, 10, 60
1402, 1056, 9, 56
1403, 757, 7, 57
1404, 857, 8, 57
1405, 856, 8, 56
1406, 959, 9, 59
1407, 859, 8, 59
1408, 1361, 11, 61
1409, 1160, 10, 60
1410, 1264, 11, 64
1411, 858, 8, 58
1412, 959, 9, 59
1413, 752, 6, 52
1414, 1063, 10, 63
1415, 1057, 9, 57
1416, 758, 7, 58
1417, 959, 9, 59
1418, 1061, 10, 61
1419, 1772, 14, 72
1420, 858, 8, 58
1421, 1059, 9, 59
1422, 1063, 10, 63
1423, 1661, 12, 61
1424, 1163, 10, 63
1425, 1163, 11, 63
1426, 1162, 10, 62
1427, 855, 8, 55
1428, 1160, 10, 60
1429, 958, 9, 58
1430, 955, 8, 55
1431, 857, 7, 57
1432, 855, 7, 55
1433, 1061, 9, 61
1434, 1466, 13, 66
1435, 1571, 14, 71
1436, 855, 7, 55
1437, 757, 7, 57
1438, 961, 9, 61
1439, 959, 9, 59
1440, 1163, 11, 63
1441, 1063, 10, 63
1442, 1158, 10, 58
1443, 857, 8, 57
1444, 855, 8, 55
1445, 962, 9, 62
1446, 1462, 10, 62
1447, 1157, 9, 57
1448, 1060, 10, 60
1449, 1264, 11, 64
1450, 856, 8, 56
1451, 1265, 12, 65
1452, 1563, 12, 63
1453, 1164, 11, 64
1454, 1161, 10, 61
1455, 1160, 10, 60
1456, 1562, 12, 62
1457, 1160, 9, 60
1458, 1358, 9, 58
1459, 959, 9, 59
1460, 1058, 9, 58
1461, 858, 8, 58
1462, 1262, 11, 62
1463, 1163, 10, 63
1464, 1267, 12, 67
1465, 1058, 9, 58
1466, 756, 7, 56
1467, 957, 8, 57
1468, 756, 7, 56
1469, 955, 8, 55
1470, 853, 7, 53
1471, 653, 6, 53
1472, 1055, 7, 55
1473, 1059, 10, 59
1474, 959, 9, 59
1475, 961, 9, 61
1476, 854, 7, 54
1477, 751, 6, 51
1478, 1054, 7, 54
1479, 443, 4, 43
1480, 549, 5, 49
1481, 960, 9, 60
1482, 1056, 8, 56
1483, 1261, 10, 61
1484, 957, 8, 57
1485, 956, 8, 56
1486, 1466, 12, 66
1487, 958, 9, 58
1488, 1164, 10, 64
1489, 854, 7, 54
1490, 2266, 13, 66
1491, 955, 8, 55
1492, 550, 5, 50
1493, 1062, 10, 62
1494, 960, 9, 60
1495, 1055, 7, 55
1496, 1057, 9, 57
1497, 652, 6, 52
1498, 1264, 10, 64
1499, 755, 7, 55
1500, 1059, 9, 59
1501, 1060, 9, 60
1502, 853, 7, 53
1503, 1060, 9, 60
1504, 856, 7, 56
1505, 858, 8, 58
1506, 552, 5, 52
1507, 1465, 12, 65
1508, 1161, 10, 61
1509, 1262, 11, 62
1510, 1158, 10, 58
1511, 856, 7, 56
1512, 1056, 8, 56
1513, 1060, 10, 60
1514, 1166, 11, 66
1515, 1160, 9, 60
1516, 1363, 11, 63
1517, 1164, 11, 64
1518, 754, 6, 54
1519, 955, 8, 55
1520, 953, 8, 53
1521, 756, 7, 56
1522, 655, 6, 55
1523, 960, 9, 60
1524, 961, 9, 61
1525, 858, 8, 58
1526, 655, 6, 55
1527, 1055, 8, 55
1528, 962, 9, 62
1529, 960, 8, 60
1530, 954, 8, 54
1531, 1363, 11, 63
1532, 960, 9, 60
1533, 1258, 10, 58
1534, 1156, 8, 56
1535, 959, 9, 59
1536, 1060, 9, 60
1537, 857, 8, 57
1538, 1057, 8, 57
1539, 958, 9, 58
1540, 857, 8, 57
1541, 858, 8, 58
1542, 958, 8, 58
1543, 858, 8, 58
1544, 1363, 10, 63
1545, 1060, 9, 60
1546, 1565, 12, 65
1547, 958, 8, 58
1548, 858, 8, 58
1549, 1365, 12, 65
1550, 1666, 13, 66
1551, 1164, 11, 64
1552, 1464, 13, 64
1553, 961, 9, 61
1554, 855, 7, 55
1555, 958, 8, 58
1556, 1165, 11, 65
1557, 1064, 10, 64
1558, 962, 9, 62
1559, 1163, 10, 63
1560, 855, 8, 55
1561, 1161, 10, 61
1562, 1467, 12, 67
1563, 655, 6, 55
1564, 1057, 8, 57
1565, 858, 8, 58
1566, 1267, 12, 67
1567, 958, 9, 58
1568, 1056, 8, 56
1569, 1362, 11, 62
1570, 858, 8, 58
1571, 857, 8, 57
1572, 1366, 12, 66
1573, 1266, 11, 66
1574, 858, 8, 58
1575, 1464, 12, 64
1576, 1157, 8, 57
1577, 1052, 6, 52
1578, 959, 9, 59
1579, 857, 8, 57
1580, 653, 6, 53
1581, 755, 7, 55
1582, 1059, 9, 59
1583, 859, 8, 59
1584, 1366, 12, 66
1585, 652, 6, 52
1586, 754, 7, 54
1587, 859, 8, 59
1588, 853, 7, 53
1589, 853, 7, 53
1590, 653, 6, 53
1591, 1871, 14, 71
1592, 1158, 9, 58
1593, 1360, 10, 60
1594, 1062, 10, 62
1595, 855, 8, 55
1596, 1262, 10, 62
1597, 1161, 10, 61
1598, 1060, 9, 60
1599, 757, 7, 57
1600, 859, 8, 59
1601, 963, 9, 63
1602, 756, 7, 56
1603, 958, 8, 58
1604, 1159, 8, 59
1605, 1060, 9, 60
1606, 858, 8, 58
1607, 1058, 10, 58
1608, 1259, 9, 59
1609, 958, 9, 58
1610, 1257, 9, 57
1611, 757, 7, 57
1612, 957, 8, 57
1613, 1264, 11, 64
1614, 1469, 13, 69
1615, 1059, 9, 59
1616, 1157, 10, 57
1617, 857, 8, 57
1618, 856, 8, 56
1619, 1367, 13, 67
1620, 1063, 9, 63
1621, 1367, 12, 67
1622, 756, 7, 56
1623, 958, 8, 58
1624, 754, 7, 54
1625, 857, 8, 57
1626, 855, 7, 55
1627, 1160, 10, 60
1628, 549, 5, 49
1629, 1164, 11, 64
1630, 653, 6, 53
1631, 955, 8, 55
1632, 1265, 11, 65
1633, 756, 7, 56
1634, 1162, 10, 62
1635, 553, 5, 53
1636, 656, 6, 56
1637, 1062, 9, 62
1638, 956, 9, 56
1639, 749, 6, 49
1640, 1363, 11, 63
1641, 961, 9, 61
1642, 1060, 9, 60
1643, 1265, 12, 65
1644, 1268, 12, 68
1645, 855, 7, 55
1646, 1261, 11, 61
1647, 1063, 10, 63
1648, 960, 9, 60
1649, 1161, 10, 61
1650, 1262, 10, 62
1651, 856, 8, 56
1652, 755, 7, 55
1653, 1359, 10, 59
1654, 653, 6, 53
1655, 857, 8, 57
1656, 1162, 10, 62
1657, 1261, 9, 61
1658, 1363, 10, 63
1659, 959, 9, 59
1660, 1568, 13, 68
1661, 1358, 10, 58
1662, 1261, 11, 61
1663, 1059, 10, 59
1664, 1164, 11, 64
1665, 652, 6, 52
1666, 1162, 11, 62
1667, 551, 5, 51
1668, 959, 9, 59
1669, 756, 7, 56
1670, 2064, 11, 64
1671, 1465, 12, 65
1672, 1162, 10, 62
1673, 1059, 9, 59
1674, 1363, 11, 63
1675, 1159, 10, 59
1676, 1566, 12, 66
1677, 959, 9, 59
1678, 757, 7, 57
1679, 1055, 8, 55
1680, 857, 8, 57
1681, 752, 7, 52
1682, 1161, 10, 61
1683, 1060, 10, 60
1684, 1060, 10, 60
1685, 958, 8, 58
1686, 958, 8, 58
1687, 653, 6, 53
1688, 1058, 9, 58
1689, 962, 9, 62
1690, 1163, 10, 63
1691, 1065, 10, 65
1692, 1369, 13, 69
1693, 957, 8, 57
1694, 1357, 10, 57
1695, 653, 6, 53
1696, 1666, 13, 66
1697, 1060, 9, 60
1698, 1265, 11, 65
1699, 1061, 9, 61
1700, 1155, 8, 55
1701, 1364, 11, 64
1702, 1165, 11, 65
1703, 1064, 10, 64
1704, 957, 8, 57
1705, 1165, 11, 65
1706, 859, 8, 59
1707, 958, 9, 58
1708, 1265, 11, 65
1709, 1060, 9, 60
1710, 1060, 10, 60
1711, 1062, 10, 62
1712, 1163, 10, 63
1713, 1159, 10, 59
1714, 955, 8, 55
1715, 959, 9, 59
1716, 1365, 12, 65
1717, 851, 7, 51
1718, 1162, 10, 62
1719, 657, 6, 57
1720, 757, 7, 57
1721, 1161, 10, 61
1722, 1160, 10, 60
1723, 1063, 10, 63
1724, 959, 9, 59
1725, 1060, 9, 60
1726, 752, 7, 52
1727, 1061, 9, 61
1728, 652, 6, 52
1729, 1258, 9, 58
1730, 753, 7, 53
1731, 1058, 9, 58
1732, 1366, 12, 66
1733, 957, 8, 57
1734, 1162, 10, 62
1735, 1163, 10, 63
1736, 1464, 11, 64
1737, 655, 6, 55
1738, 957, 9, 57
1739, 1162, 11, 62
1740, 856, 8, 56
1741, 959, 9, 59
1742, 755, 7, 55
1743, 1060, 10, 60
1744, 1056, 9, 56
1745, 857, 8, 57
1746, 1463, 11, 63
1747, 857, 8, 57
1748, 857, 7, 57
1749, 1056, 9, 56
1750, 1160, 10, 60
1751, 1260, 11, 60
1752, 1162, 10, 62
1753, 753, 6, 53
1754, 1061, 10, 61
1755, 857, 8, 57
1756, 1162, 10, 62
1757, 855, 7, 55
1758, 859, 8, 59
1759, 1259, 9, 59
1760, 858, 8, 58
1761, 858, 8, 58
1762, 961, 9, 61
1763, 653, 6, 53
1764, 1568, 13, 68
1765, 1058, 9, 58
1766, 1265, 11, 65
1767, 1056, 9, 56
1768, 1060, 9, 60
1769, 1960, 10, 60
1770, 956, 8, 56
1771, 756, 7, 56
1772, 959, 9, 59
1773, 960, 9, 60
1774, 1061, 10, 61
1775, 957, 8, 57
1776, 958, 8, 58
1777, 755, 7, 55
1778, 1059, 9, 59
1779, 652, 6, 52
1780, 1064, 10, 64
1781, 961, 9, 61
1782, 1365, 11, 65
1783, 1162, 10, 62
1784, 1061, 10, 61
1785, 959, 8, 59
1786, 1161, 10, 61
1787, 1163, 10, 63
1788, 858, 8, 58
1789, 859, 8, 59
1790, 1364, 12, 64
1791, 1365, 13, 65
1792, 1061, 10, 61
1793, 1159, 10, 59
1794, 1061, 10, 61
1795, 961, 9, 61
1796, 961, 9, 61
1797, 1467, 11, 67
1798, 1658, 8, 58
1799, 752, 7, 52
1800, 1160, 10, 60
1801, 960, 9, 60
1802, 861, 8, 61
1803, 960, 9, 60
1804, 756, 7, 56
1805, 1766, 13, 66
1806, 961, 9, 61
1807, 1872, 15, 72
1808, 654, 6, 54
1809, 1161, 10, 61
1810, 546, 5, 46
1811, 1163, 10, 63
1812, 1058, 10, 58
1813, 1260, 11, 60
1814, 1264, 11, 64
1815, 856, 8, 56
1816, 1264, 12, 64
1817, 956, 8, 56
1818, 1063, 10, 63
1819, 1159, 9, 59
1820, 1060, 10, 60
1821, 960, 9, 60
1822, 1760, 9, 60
1823, 552, 5, 52
1824, 1062, 10, 62
1825, 1059, 9, 59
1826, 1161, 10, 61
1827, 1058, 9, 58
1828, 1460, 11, 60
1829, 1161, 10, 61
1830, 1159, 10, 59
1831, 1058, 8, 58
1832, 1060, 9, 60
1833, 1363, 11, 63
1834, 962, 9, 62
1835, 957, 9, 57
1836, 857, 8, 57
1837, 1059, 9, 59
1838, 858, 8, 58
1839, 1059, 9, 59
1840, 2165, 12, 65
1841, 1261, 10, 61
1842, 653, 6, 53
1843, 1266, 11, 66
1844, 653, 6, 53
1845, 755, 7, 55
1846, 653, 6, 53
1847, 958, 8, 58
1848, 1062, 10, 62
1849, 959, 9, 59
1850, 1260, 10, 60
1851, 960, 9, 60
1852, 960, 9, 60
1853, 961, 9, 61
1854, 1164, 10, 64
1855, 1263, 11, 63
1856, 1661, 12, 61
1857, 961, 9, 61
1858, 1163, 11, 63
1859, 1161, 10, 61
1860, 1263, 11, 63
1861, 750, 7, 50
1862, 756, 7, 56
1863, 960, 9, 60
1864, 1062, 10, 62
1865, 961, 9, 61
1866, 960, 9, 60
1867, 856, 8, 56
1868, 849, 7, 49
1869, 961, 9, 61
1870, 757, 7, 57
1871, 1059, 8, 59
1872, 1161, 10, 61
1873, 1164, 11, 64
1874, 1061, 10, 61
1875, 1261, 10, 61
1876, 1264, 11, 64
1877, 858, 8, 58
1878, 856, 8, 56
1879, 1060, 9, 60
1880, 1164, 11, 64
1881, 857, 8, 57
1882, 1862, 10, 62
1883, 1162, 10, 62
1884, 1062, 10, 62
1885, 1062, 10, 62
1886, 858, 8, 58
1887, 858, 8, 58
1888, 1058, 9, 58
1889, 1167, 11, 67
1890, 960, 9, 60
1891, 854, 7, 54
1892, 1060, 10, 60
1893, 960, 9, 60
1894, 957, 9, 57
1895, 1162, 10, 62
1896, 960, 9, 60
1897, 961, 9, 61
1898, 1365, 12, 65
1899, 1162, 11, 62
1900, 757, 7, 57
1901, 857, 7, 57
1902, 1262, 11, 62
1903, 1267, 12, 67
1904, 1562, 11, 62
1905, 959, 9, 59
1906, 857, 8, 57
1907, 1165, 11, 65
1908, 756, 7, 56
1909, 956, 9, 56
1910, 1164, 11, 64
1911, 859, 8, 59
1912, 1162, 10, 62
1913, 859, 8, 59
1914, 754, 6, 54
1915, 1258, 10, 58
1916, 857, 8, 57
1917, 957, 8, 57
1918, 857, 8, 57
1919, 1165, 11, 65
1920, 1264, 11, 64
1921, 1262, 10, 62
1922, 1163, 10, 63
1923, 1061, 10, 61
1924, 1259, 10, 59
1925, 552, 5, 52
1926, 1461, 11, 61
1927, 856, 8, 56
1928, 957, 8, 57
1929, 1264, 10, 64
1930, 1366, 11, 66
1931, 860, 8, 60
1932, 755, 7, 55
1933, 757, 7, 57
1934, 1062, 9, 62
1935, 1663, 12, 63
1936, 857, 7, 57
1937, 1162, 10, 62
1938, 1162, 10, 62
1939, 1469, 13, 69
1940, 958, 9, 58
1941, 859, 8, 59
1942, 756, 7, 56
1943, 653, 6, 53
1944, 753, 6, 53
1945, 1162, 11, 62
1946, 1262, 10, 62
1947, 957, 9, 57
1948, 958, 8, 58
1949, 1163, 11, 63
1950, 1061, 9, 61
1951, 853, 7, 53
1952, 756, 7, 56
1953, 1358, 9, 58
1954, 654, 6, 54
1955, 956, 8, 56
1956, 961, 9, 61
1957, 857, 8, 57
1958, 651, 5, 51
1959, 856, 8, 56
1960, 1362, 11, 62
1961, 1465, 11, 65
1962, 1469, 13, 69
1963, 1663, 12, 63
1964, 857, 8, 57
1965, 958, 9, 58
1966, 1061, 9, 61
1967, 1062, 10, 62
1968, 1567, 13, 67
1969, 1061, 10, 61
1970, 1160, 9, 60
1971, 1062, 10, 62
1972, 1060, 9, 60
1973, 757, 7, 57
1974, 960, 9, 60
1975, 857, 8, 57
1976, 858, 8, 58
1977, 1160, 10, 60
1978, 957, 8, 57
1979, 755, 7, 55
1980, 549, 5, 49
1981, 747, 6, 47
1982, 1057, 8, 57
1983, 960, 9, 60
1984, 1366, 13, 66
1985, 959, 9, 59
1986, 1163, 10, 63
1987, 552, 5, 52
1988, 1257, 9, 57
1989, 651, 6, 51
1990, 1964, 11, 64
1991, 955, 7, 55
1992, 1261, 9, 61
1993, 755, 7, 55
1994, 754, 6, 54
1995, 1060, 9, 60
1996, 1154, 7, 54
1997, 856, 8, 56
1998, 1059, 8, 59
1999, 1365, 11, 65
2000, 654, 6, 54
